<?xml version="1.0"?>
<opencv_storage>
<access_token>"24.f1197898fd6c1a70e46b02c729f161f8.2592000.1652519353.282335-25630710"</access_token>
<expires_in>2592000</expires_in>
<token_date>1.6499273533427405e+09</token_date>
</opencv_storage>
